// Decision Tree
digraph {
	"node(0, 1, 2, 3, 4, 5, 6, 7, 8, 9, 10, 11, 12, 13, 14, 15, 16, 17, 18, 19, 20, 21, 22, 23, 24, 25, 26, 27, 28, 29, 30, 31, 32, 33, 34, 35, 36, 37, 38, 39, 40, 41, 42, 43, 44, 45, 46, 47, 48, 49, 50, 51, 52, 53, 54, 55, 56, 57, 58, 59, 60, 61, 62, 63, 64, 65, 66, 67, 68, 69, 70, 71, 72, 73, 74, 75, 76, 77, 78, 79, 80, 81, 82, 83, 84, 85, 86, 87, 88, 89, 90, 91, 92, 93, 94, 95, 96, 97, 98, 99, 100, 101, 102, 103, 104, 105, 106, 107, 108, 109, 110, 111, 112, 113, 114, 115, 116, 117, 118, 119, 120, 121, 122, 123, 124, 125, 126, 127, 128, 129, 130, 131, 132, 133, 134, 135, 136, 137, 138, 139, 140, 141, 142, 143, 144, 145, 146, 147, 148, 149, 150, 151, 152, 153, 154, 155, 156, 157, 158, 159, 160, 161, 162, 163, 164, 165, 166, 167, 168, 169, 170, 171, 172, 173, 174, 175, 176, 177, 178, 179, 180, 181, 182, 183, 184, 185, 186, 187, 188, 189, 190, 191, 192, 193, 194, 195, 196, 197, 198, 199, 200, 201, 202, 203, 204, 205, 206, 207, 208, 209, 210, 211, 212, 213, 214, 215, 216, 217, 218, 219, 220, 221, 222, 223, 224, 225, 226, 227, 228, 229, 230, 231, 232, 233, 234, 235, 236, 237, 238, 239, 240, 241, 242, 243, 244, 245, 246, 247, 248, 249, 250, 251, 252, 253, 254, 255, 256, 257, 258, 259, 260, 261, 262, 263, 264, 265, 266, 267, 268, 269, 270, 271, 272, 273, 274, 275, 276, 277, 278, 279, 280, 281, 282, 283, 284, 285, 286, 287, 288, 289, 290, 291, 292, 293, 294, 295, 296, 297, 298, 299, 300, 301, 302, 303, 304, 305, 306, 307, 308, 309, 310, 311)" [label="back1064
IG=365.8102
Samples=312
Depth=1" color=lightblue shape=box style="rounded,filled"]
	"node(4, 5, 6, 11, 12, 13, 18, 19, 20, 21, 29, 30, 31, 36, 37, 38, 43, 44, 45, 46, 55, 56, 57, 58, 63, 64, 65, 66, 71, 72, 73, 74, 82, 83, 84, 89, 90, 91, 96, 97, 98, 99, 107, 108, 109, 114, 115, 116, 121, 122, 123, 124, 133, 134, 135, 136, 141, 142, 143, 144, 149, 150, 151, 152, 160, 161, 162, 167, 168, 169, 174, 175, 176, 177, 185, 186, 187, 192, 193, 194, 199, 200, 201, 202, 211, 212, 213, 214, 219, 220, 221, 222, 227, 228, 229, 230, 238, 239, 240, 245, 246, 247, 252, 253, 254, 255, 263, 264, 265, 270, 271, 272, 277, 278, 279, 280, 289, 290, 291, 292, 297, 298, 299, 300, 305, 306, 307, 308)" [label="back532
IG=175.4405
Samples=128
Depth=2" color=lightblue shape=box style="rounded,filled"]
	"node(0, 1, 2, 3, 4, 5, 6, 7, 8, 9, 10, 11, 12, 13, 14, 15, 16, 17, 18, 19, 20, 21, 22, 23, 24, 25, 26, 27, 28, 29, 30, 31, 32, 33, 34, 35, 36, 37, 38, 39, 40, 41, 42, 43, 44, 45, 46, 47, 48, 49, 50, 51, 52, 53, 54, 55, 56, 57, 58, 59, 60, 61, 62, 63, 64, 65, 66, 67, 68, 69, 70, 71, 72, 73, 74, 75, 76, 77, 78, 79, 80, 81, 82, 83, 84, 85, 86, 87, 88, 89, 90, 91, 92, 93, 94, 95, 96, 97, 98, 99, 100, 101, 102, 103, 104, 105, 106, 107, 108, 109, 110, 111, 112, 113, 114, 115, 116, 117, 118, 119, 120, 121, 122, 123, 124, 125, 126, 127, 128, 129, 130, 131, 132, 133, 134, 135, 136, 137, 138, 139, 140, 141, 142, 143, 144, 145, 146, 147, 148, 149, 150, 151, 152, 153, 154, 155, 156, 157, 158, 159, 160, 161, 162, 163, 164, 165, 166, 167, 168, 169, 170, 171, 172, 173, 174, 175, 176, 177, 178, 179, 180, 181, 182, 183, 184, 185, 186, 187, 188, 189, 190, 191, 192, 193, 194, 195, 196, 197, 198, 199, 200, 201, 202, 203, 204, 205, 206, 207, 208, 209, 210, 211, 212, 213, 214, 215, 216, 217, 218, 219, 220, 221, 222, 223, 224, 225, 226, 227, 228, 229, 230, 231, 232, 233, 234, 235, 236, 237, 238, 239, 240, 241, 242, 243, 244, 245, 246, 247, 248, 249, 250, 251, 252, 253, 254, 255, 256, 257, 258, 259, 260, 261, 262, 263, 264, 265, 266, 267, 268, 269, 270, 271, 272, 273, 274, 275, 276, 277, 278, 279, 280, 281, 282, 283, 284, 285, 286, 287, 288, 289, 290, 291, 292, 293, 294, 295, 296, 297, 298, 299, 300, 301, 302, 303, 304, 305, 306, 307, 308, 309, 310, 311)" -> "node(4, 5, 6, 11, 12, 13, 18, 19, 20, 21, 29, 30, 31, 36, 37, 38, 43, 44, 45, 46, 55, 56, 57, 58, 63, 64, 65, 66, 71, 72, 73, 74, 82, 83, 84, 89, 90, 91, 96, 97, 98, 99, 107, 108, 109, 114, 115, 116, 121, 122, 123, 124, 133, 134, 135, 136, 141, 142, 143, 144, 149, 150, 151, 152, 160, 161, 162, 167, 168, 169, 174, 175, 176, 177, 185, 186, 187, 192, 193, 194, 199, 200, 201, 202, 211, 212, 213, 214, 219, 220, 221, 222, 227, 228, 229, 230, 238, 239, 240, 245, 246, 247, 252, 253, 254, 255, 263, 264, 265, 270, 271, 272, 277, 278, 279, 280, 289, 290, 291, 292, 297, 298, 299, 300, 305, 306, 307, 308)" [label=True]
	"node(11, 12, 13, 36, 37, 38, 63, 64, 65, 66, 89, 90, 91, 114, 115, 116, 141, 142, 143, 144, 167, 168, 169, 192, 193, 194, 219, 220, 221, 222, 245, 246, 247, 270, 271, 272, 297, 298, 299, 300)" [label="pd355
IG=197.6901
Samples=40
Depth=3" color=lightblue shape=box style="rounded,filled"]
	"node(4, 5, 6, 11, 12, 13, 18, 19, 20, 21, 29, 30, 31, 36, 37, 38, 43, 44, 45, 46, 55, 56, 57, 58, 63, 64, 65, 66, 71, 72, 73, 74, 82, 83, 84, 89, 90, 91, 96, 97, 98, 99, 107, 108, 109, 114, 115, 116, 121, 122, 123, 124, 133, 134, 135, 136, 141, 142, 143, 144, 149, 150, 151, 152, 160, 161, 162, 167, 168, 169, 174, 175, 176, 177, 185, 186, 187, 192, 193, 194, 199, 200, 201, 202, 211, 212, 213, 214, 219, 220, 221, 222, 227, 228, 229, 230, 238, 239, 240, 245, 246, 247, 252, 253, 254, 255, 263, 264, 265, 270, 271, 272, 277, 278, 279, 280, 289, 290, 291, 292, 297, 298, 299, 300, 305, 306, 307, 308)" -> "node(11, 12, 13, 36, 37, 38, 63, 64, 65, 66, 89, 90, 91, 114, 115, 116, 141, 142, 143, 144, 167, 168, 169, 192, 193, 194, 219, 220, 221, 222, 245, 246, 247, 270, 271, 272, 297, 298, 299, 300)" [label=True]
	"node(11, 36, 63, 64, 89, 114, 141, 142, 167, 192, 219, 220, 245, 270, 297, 298)" [label="ext532
IG=7.2757
Samples=16
Depth=4" color=lightblue shape=box style="rounded,filled"]
	"node(11, 12, 13, 36, 37, 38, 63, 64, 65, 66, 89, 90, 91, 114, 115, 116, 141, 142, 143, 144, 167, 168, 169, 192, 193, 194, 219, 220, 221, 222, 245, 246, 247, 270, 271, 272, 297, 298, 299, 300)" -> "node(11, 36, 63, 64, 89, 114, 141, 142, 167, 192, 219, 220, 245, 270, 297, 298)" [label=True]
	"leaf(36, 114, 192, 270)" [label="Leaf: Case37, Case115, Case193, Case271
Samples=4" color=lightgray shape=ellipse style=filled]
	"node(11, 36, 63, 64, 89, 114, 141, 142, 167, 192, 219, 220, 245, 270, 297, 298)" -> "leaf(36, 114, 192, 270)" [label=True]
	"node(11, 63, 64, 89, 141, 142, 167, 219, 220, 245, 297, 298)" [label="pd532
IG=1.6781
Samples=12
Depth=5" color=lightblue shape=box style="rounded,filled"]
	"node(11, 36, 63, 64, 89, 114, 141, 142, 167, 192, 219, 220, 245, 270, 297, 298)" -> "node(11, 63, 64, 89, 141, 142, 167, 219, 220, 245, 297, 298)" [label=False]
	"leaf(63, 141, 219, 297)" [label="Leaf: Case64, Case142, Case220, Case298
Samples=4" color=lightgray shape=ellipse style=filled]
	"node(11, 63, 64, 89, 141, 142, 167, 219, 220, 245, 297, 298)" -> "leaf(63, 141, 219, 297)" [label=True]
	"node(11, 64, 89, 142, 167, 220, 245, 298)" [label="ext355
IG=0.7560
Samples=8
Depth=6" color=lightblue shape=box style="rounded,filled"]
	"node(11, 63, 64, 89, 141, 142, 167, 219, 220, 245, 297, 298)" -> "node(11, 64, 89, 142, 167, 220, 245, 298)" [label=False]
	"leaf(11, 89, 167, 245)" [label="Leaf: Case12, Case90, Case168, Case246
Samples=4" color=lightgray shape=ellipse style=filled]
	"node(11, 64, 89, 142, 167, 220, 245, 298)" -> "leaf(11, 89, 167, 245)" [label=True]
	"leaf(64, 142, 220, 298)" [label="Leaf: Case65, Case143, Case221, Case299
Samples=4" color=lightgray shape=ellipse style=filled]
	"node(11, 64, 89, 142, 167, 220, 245, 298)" -> "leaf(64, 142, 220, 298)" [label=False]
	"node(12, 13, 37, 38, 65, 66, 90, 91, 115, 116, 143, 144, 168, 169, 193, 194, 221, 222, 246, 247, 271, 272, 299, 300)" [label="pd532
IG=187.9751
Samples=24
Depth=4" color=lightblue shape=box style="rounded,filled"]
	"node(11, 12, 13, 36, 37, 38, 63, 64, 65, 66, 89, 90, 91, 114, 115, 116, 141, 142, 143, 144, 167, 168, 169, 192, 193, 194, 219, 220, 221, 222, 245, 246, 247, 270, 271, 272, 297, 298, 299, 300)" -> "node(12, 13, 37, 38, 65, 66, 90, 91, 115, 116, 143, 144, 168, 169, 193, 194, 221, 222, 246, 247, 271, 272, 299, 300)" [label=False]
	"node(12, 37, 65, 90, 115, 143, 168, 193, 221, 246, 271, 299)" [label="ext355
IG=17.6312
Samples=12
Depth=5" color=lightblue shape=box style="rounded,filled"]
	"node(12, 13, 37, 38, 65, 66, 90, 91, 115, 116, 143, 144, 168, 169, 193, 194, 221, 222, 246, 247, 271, 272, 299, 300)" -> "node(12, 37, 65, 90, 115, 143, 168, 193, 221, 246, 271, 299)" [label=True]
	"leaf(12, 90, 168, 246)" [label="Leaf: Case13, Case91, Case169, Case247
Samples=4" color=lightgray shape=ellipse style=filled]
	"node(12, 37, 65, 90, 115, 143, 168, 193, 221, 246, 271, 299)" -> "leaf(12, 90, 168, 246)" [label=True]
	"node(37, 65, 115, 143, 193, 221, 271, 299)" [label="ext532
IG=53.2372
Samples=8
Depth=6" color=lightblue shape=box style="rounded,filled"]
	"node(12, 37, 65, 90, 115, 143, 168, 193, 221, 246, 271, 299)" -> "node(37, 65, 115, 143, 193, 221, 271, 299)" [label=False]
	"leaf(37, 115, 193, 271)" [label="Leaf: Case38, Case116, Case194, Case272
Samples=4" color=lightgray shape=ellipse style=filled]
	"node(37, 65, 115, 143, 193, 221, 271, 299)" -> "leaf(37, 115, 193, 271)" [label=True]
	"leaf(65, 143, 221, 299)" [label="Leaf: Case66, Case144, Case222, Case300
Samples=4" color=lightgray shape=ellipse style=filled]
	"node(37, 65, 115, 143, 193, 221, 271, 299)" -> "leaf(65, 143, 221, 299)" [label=False]
	"node(13, 38, 66, 91, 116, 144, 169, 194, 222, 247, 272, 300)" [label="ext532
IG=0.7715
Samples=12
Depth=5" color=lightblue shape=box style="rounded,filled"]
	"node(12, 13, 37, 38, 65, 66, 90, 91, 115, 116, 143, 144, 168, 169, 193, 194, 221, 222, 246, 247, 271, 272, 299, 300)" -> "node(13, 38, 66, 91, 116, 144, 169, 194, 222, 247, 272, 300)" [label=False]
	"leaf(38, 116, 194, 272)" [label="Leaf: Case39, Case117, Case195, Case273
Samples=4" color=lightgray shape=ellipse style=filled]
	"node(13, 38, 66, 91, 116, 144, 169, 194, 222, 247, 272, 300)" -> "leaf(38, 116, 194, 272)" [label=True]
	"node(13, 66, 91, 144, 169, 222, 247, 300)" [label="ext355
IG=0.0052
Samples=8
Depth=6" color=lightblue shape=box style="rounded,filled"]
	"node(13, 38, 66, 91, 116, 144, 169, 194, 222, 247, 272, 300)" -> "node(13, 66, 91, 144, 169, 222, 247, 300)" [label=False]
	"leaf(13, 91, 169, 247)" [label="Leaf: Case14, Case92, Case170, Case248
Samples=4" color=lightgray shape=ellipse style=filled]
	"node(13, 66, 91, 144, 169, 222, 247, 300)" -> "leaf(13, 91, 169, 247)" [label=True]
	"leaf(66, 144, 222, 300)" [label="Leaf: Case67, Case145, Case223, Case301
Samples=4" color=lightgray shape=ellipse style=filled]
	"node(13, 66, 91, 144, 169, 222, 247, 300)" -> "leaf(66, 144, 222, 300)" [label=False]
	"node(4, 5, 6, 18, 19, 20, 21, 29, 30, 31, 43, 44, 45, 46, 55, 56, 57, 58, 71, 72, 73, 74, 82, 83, 84, 96, 97, 98, 99, 107, 108, 109, 121, 122, 123, 124, 133, 134, 135, 136, 149, 150, 151, 152, 160, 161, 162, 174, 175, 176, 177, 185, 186, 187, 199, 200, 201, 202, 211, 212, 213, 214, 227, 228, 229, 230, 238, 239, 240, 252, 253, 254, 255, 263, 264, 265, 277, 278, 279, 280, 289, 290, 291, 292, 305, 306, 307, 308)" [label="back355
IG=68.5866
Samples=88
Depth=3" color=lightblue shape=box style="rounded,filled"]
	"node(4, 5, 6, 11, 12, 13, 18, 19, 20, 21, 29, 30, 31, 36, 37, 38, 43, 44, 45, 46, 55, 56, 57, 58, 63, 64, 65, 66, 71, 72, 73, 74, 82, 83, 84, 89, 90, 91, 96, 97, 98, 99, 107, 108, 109, 114, 115, 116, 121, 122, 123, 124, 133, 134, 135, 136, 141, 142, 143, 144, 149, 150, 151, 152, 160, 161, 162, 167, 168, 169, 174, 175, 176, 177, 185, 186, 187, 192, 193, 194, 199, 200, 201, 202, 211, 212, 213, 214, 219, 220, 221, 222, 227, 228, 229, 230, 238, 239, 240, 245, 246, 247, 252, 253, 254, 255, 263, 264, 265, 270, 271, 272, 277, 278, 279, 280, 289, 290, 291, 292, 297, 298, 299, 300, 305, 306, 307, 308)" -> "node(4, 5, 6, 18, 19, 20, 21, 29, 30, 31, 43, 44, 45, 46, 55, 56, 57, 58, 71, 72, 73, 74, 82, 83, 84, 96, 97, 98, 99, 107, 108, 109, 121, 122, 123, 124, 133, 134, 135, 136, 149, 150, 151, 152, 160, 161, 162, 174, 175, 176, 177, 185, 186, 187, 199, 200, 201, 202, 211, 212, 213, 214, 227, 228, 229, 230, 238, 239, 240, 252, 253, 254, 255, 263, 264, 265, 277, 278, 279, 280, 289, 290, 291, 292, 305, 306, 307, 308)" [label=False]
	"node(4, 5, 6, 29, 30, 31, 55, 56, 57, 58, 82, 83, 84, 107, 108, 109, 133, 134, 135, 136, 160, 161, 162, 185, 186, 187, 211, 212, 213, 214, 238, 239, 240, 263, 264, 265, 289, 290, 291, 292)" [label="pd355
IG=129.4055
Samples=40
Depth=4" color=lightblue shape=box style="rounded,filled"]
	"node(4, 5, 6, 18, 19, 20, 21, 29, 30, 31, 43, 44, 45, 46, 55, 56, 57, 58, 71, 72, 73, 74, 82, 83, 84, 96, 97, 98, 99, 107, 108, 109, 121, 122, 123, 124, 133, 134, 135, 136, 149, 150, 151, 152, 160, 161, 162, 174, 175, 176, 177, 185, 186, 187, 199, 200, 201, 202, 211, 212, 213, 214, 227, 228, 229, 230, 238, 239, 240, 252, 253, 254, 255, 263, 264, 265, 277, 278, 279, 280, 289, 290, 291, 292, 305, 306, 307, 308)" -> "node(4, 5, 6, 29, 30, 31, 55, 56, 57, 58, 82, 83, 84, 107, 108, 109, 133, 134, 135, 136, 160, 161, 162, 185, 186, 187, 211, 212, 213, 214, 238, 239, 240, 263, 264, 265, 289, 290, 291, 292)" [label=True]
	"node(4, 29, 55, 56, 82, 107, 133, 134, 160, 185, 211, 212, 238, 263, 289, 290)" [label="pd532
IG=44.7409
Samples=16
Depth=5" color=lightblue shape=box style="rounded,filled"]
	"node(4, 5, 6, 29, 30, 31, 55, 56, 57, 58, 82, 83, 84, 107, 108, 109, 133, 134, 135, 136, 160, 161, 162, 185, 186, 187, 211, 212, 213, 214, 238, 239, 240, 263, 264, 265, 289, 290, 291, 292)" -> "node(4, 29, 55, 56, 82, 107, 133, 134, 160, 185, 211, 212, 238, 263, 289, 290)" [label=True]
	"leaf(55, 133, 211, 289)" [label="Leaf: Case56, Case134, Case212, Case290
Samples=4" color=lightgray shape=ellipse style=filled]
	"node(4, 29, 55, 56, 82, 107, 133, 134, 160, 185, 211, 212, 238, 263, 289, 290)" -> "leaf(55, 133, 211, 289)" [label=True]
	"node(4, 29, 56, 82, 107, 134, 160, 185, 212, 238, 263, 290)" [label="ext532
IG=52.6352
Samples=12
Depth=6" color=lightblue shape=box style="rounded,filled"]
	"node(4, 29, 55, 56, 82, 107, 133, 134, 160, 185, 211, 212, 238, 263, 289, 290)" -> "node(4, 29, 56, 82, 107, 134, 160, 185, 212, 238, 263, 290)" [label=False]
	"leaf(29, 107, 185, 263)" [label="Leaf: Case30, Case108, Case186, Case264
Samples=4" color=lightgray shape=ellipse style=filled]
	"node(4, 29, 56, 82, 107, 134, 160, 185, 212, 238, 263, 290)" -> "leaf(29, 107, 185, 263)" [label=True]
	"node(4, 56, 82, 134, 160, 212, 238, 290)" [label="ext355
IG=176.8897
Samples=8
Depth=7" color=lightblue shape=box style="rounded,filled"]
	"node(4, 29, 56, 82, 107, 134, 160, 185, 212, 238, 263, 290)" -> "node(4, 56, 82, 134, 160, 212, 238, 290)" [label=False]
	"leaf(4, 82, 160, 238)" [label="Leaf: Case05, Case83, Case161, Case239
Samples=4" color=lightgray shape=ellipse style=filled]
	"node(4, 56, 82, 134, 160, 212, 238, 290)" -> "leaf(4, 82, 160, 238)" [label=True]
	"leaf(56, 134, 212, 290)" [label="Leaf: Case57, Case135, Case213, Case291
Samples=4" color=lightgray shape=ellipse style=filled]
	"node(4, 56, 82, 134, 160, 212, 238, 290)" -> "leaf(56, 134, 212, 290)" [label=False]
	"node(5, 6, 30, 31, 57, 58, 83, 84, 108, 109, 135, 136, 161, 162, 186, 187, 213, 214, 239, 240, 264, 265, 291, 292)" [label="pd532
IG=118.8809
Samples=24
Depth=5" color=lightblue shape=box style="rounded,filled"]
	"node(4, 5, 6, 29, 30, 31, 55, 56, 57, 58, 82, 83, 84, 107, 108, 109, 133, 134, 135, 136, 160, 161, 162, 185, 186, 187, 211, 212, 213, 214, 238, 239, 240, 263, 264, 265, 289, 290, 291, 292)" -> "node(5, 6, 30, 31, 57, 58, 83, 84, 108, 109, 135, 136, 161, 162, 186, 187, 213, 214, 239, 240, 264, 265, 291, 292)" [label=False]
	"node(5, 30, 57, 83, 108, 135, 161, 186, 213, 239, 264, 291)" [label="ext355
IG=71.2206
Samples=12
Depth=6" color=lightblue shape=box style="rounded,filled"]
	"node(5, 6, 30, 31, 57, 58, 83, 84, 108, 109, 135, 136, 161, 162, 186, 187, 213, 214, 239, 240, 264, 265, 291, 292)" -> "node(5, 30, 57, 83, 108, 135, 161, 186, 213, 239, 264, 291)" [label=True]
	"leaf(5, 83, 161, 239)" [label="Leaf: Case06, Case84, Case162, Case240
Samples=4" color=lightgray shape=ellipse style=filled]
	"node(5, 30, 57, 83, 108, 135, 161, 186, 213, 239, 264, 291)" -> "leaf(5, 83, 161, 239)" [label=True]
	"node(30, 57, 108, 135, 186, 213, 264, 291)" [label="ext532
IG=68.4503
Samples=8
Depth=7" color=lightblue shape=box style="rounded,filled"]
	"node(5, 30, 57, 83, 108, 135, 161, 186, 213, 239, 264, 291)" -> "node(30, 57, 108, 135, 186, 213, 264, 291)" [label=False]
	"leaf(30, 108, 186, 264)" [label="Leaf: Case31, Case109, Case187, Case265
Samples=4" color=lightgray shape=ellipse style=filled]
	"node(30, 57, 108, 135, 186, 213, 264, 291)" -> "leaf(30, 108, 186, 264)" [label=True]
	"leaf(57, 135, 213, 291)" [label="Leaf: Case58, Case136, Case214, Case292
Samples=4" color=lightgray shape=ellipse style=filled]
	"node(30, 57, 108, 135, 186, 213, 264, 291)" -> "leaf(57, 135, 213, 291)" [label=False]
	"node(6, 31, 58, 84, 109, 136, 162, 187, 214, 240, 265, 292)" [label="ext532
IG=23.1983
Samples=12
Depth=6" color=lightblue shape=box style="rounded,filled"]
	"node(5, 6, 30, 31, 57, 58, 83, 84, 108, 109, 135, 136, 161, 162, 186, 187, 213, 214, 239, 240, 264, 265, 291, 292)" -> "node(6, 31, 58, 84, 109, 136, 162, 187, 214, 240, 265, 292)" [label=False]
	"leaf(31, 109, 187, 265)" [label="Leaf: Case32, Case110, Case188, Case266
Samples=4" color=lightgray shape=ellipse style=filled]
	"node(6, 31, 58, 84, 109, 136, 162, 187, 214, 240, 265, 292)" -> "leaf(31, 109, 187, 265)" [label=True]
	"node(6, 58, 84, 136, 162, 214, 240, 292)" [label="ext355
IG=89.2906
Samples=8
Depth=7" color=lightblue shape=box style="rounded,filled"]
	"node(6, 31, 58, 84, 109, 136, 162, 187, 214, 240, 265, 292)" -> "node(6, 58, 84, 136, 162, 214, 240, 292)" [label=False]
	"leaf(6, 84, 162, 240)" [label="Leaf: Case07, Case85, Case163, Case241
Samples=4" color=lightgray shape=ellipse style=filled]
	"node(6, 58, 84, 136, 162, 214, 240, 292)" -> "leaf(6, 84, 162, 240)" [label=True]
	"leaf(58, 136, 214, 292)" [label="Leaf: Case59, Case137, Case215, Case293
Samples=4" color=lightgray shape=ellipse style=filled]
	"node(6, 58, 84, 136, 162, 214, 240, 292)" -> "leaf(58, 136, 214, 292)" [label=False]
	"node(18, 19, 20, 21, 43, 44, 45, 46, 71, 72, 73, 74, 96, 97, 98, 99, 121, 122, 123, 124, 149, 150, 151, 152, 174, 175, 176, 177, 199, 200, 201, 202, 227, 228, 229, 230, 252, 253, 254, 255, 277, 278, 279, 280, 305, 306, 307, 308)" [label="pd532
IG=34.2905
Samples=48
Depth=4" color=lightblue shape=box style="rounded,filled"]
	"node(4, 5, 6, 18, 19, 20, 21, 29, 30, 31, 43, 44, 45, 46, 55, 56, 57, 58, 71, 72, 73, 74, 82, 83, 84, 96, 97, 98, 99, 107, 108, 109, 121, 122, 123, 124, 133, 134, 135, 136, 149, 150, 151, 152, 160, 161, 162, 174, 175, 176, 177, 185, 186, 187, 199, 200, 201, 202, 211, 212, 213, 214, 227, 228, 229, 230, 238, 239, 240, 252, 253, 254, 255, 263, 264, 265, 277, 278, 279, 280, 289, 290, 291, 292, 305, 306, 307, 308)" -> "node(18, 19, 20, 21, 43, 44, 45, 46, 71, 72, 73, 74, 96, 97, 98, 99, 121, 122, 123, 124, 149, 150, 151, 152, 174, 175, 176, 177, 199, 200, 201, 202, 227, 228, 229, 230, 252, 253, 254, 255, 277, 278, 279, 280, 305, 306, 307, 308)" [label=False]
	"node(18, 20, 43, 45, 71, 73, 96, 98, 121, 123, 149, 151, 174, 176, 199, 201, 227, 229, 252, 254, 277, 279, 305, 307)" [label="pd355
IG=43.1235
Samples=24
Depth=5" color=lightblue shape=box style="rounded,filled"]
	"node(18, 19, 20, 21, 43, 44, 45, 46, 71, 72, 73, 74, 96, 97, 98, 99, 121, 122, 123, 124, 149, 150, 151, 152, 174, 175, 176, 177, 199, 200, 201, 202, 227, 228, 229, 230, 252, 253, 254, 255, 277, 278, 279, 280, 305, 306, 307, 308)" -> "node(18, 20, 43, 45, 71, 73, 96, 98, 121, 123, 149, 151, 174, 176, 199, 201, 227, 229, 252, 254, 277, 279, 305, 307)" [label=True]
	"node(18, 43, 71, 96, 121, 149, 174, 199, 227, 252, 277, 305)" [label="ext532
IG=37.7519
Samples=12
Depth=6" color=lightblue shape=box style="rounded,filled"]
	"node(18, 20, 43, 45, 71, 73, 96, 98, 121, 123, 149, 151, 174, 176, 199, 201, 227, 229, 252, 254, 277, 279, 305, 307)" -> "node(18, 43, 71, 96, 121, 149, 174, 199, 227, 252, 277, 305)" [label=True]
	"leaf(43, 121, 199, 277)" [label="Leaf: Case44, Case122, Case200, Case278
Samples=4" color=lightgray shape=ellipse style=filled]
	"node(18, 43, 71, 96, 121, 149, 174, 199, 227, 252, 277, 305)" -> "leaf(43, 121, 199, 277)" [label=True]
	"node(18, 71, 96, 149, 174, 227, 252, 305)" [label="ext355
IG=20.6913
Samples=8
Depth=7" color=lightblue shape=box style="rounded,filled"]
	"node(18, 43, 71, 96, 121, 149, 174, 199, 227, 252, 277, 305)" -> "node(18, 71, 96, 149, 174, 227, 252, 305)" [label=False]
	"leaf(18, 96, 174, 252)" [label="Leaf: Case19, Case97, Case175, Case253
Samples=4" color=lightgray shape=ellipse style=filled]
	"node(18, 71, 96, 149, 174, 227, 252, 305)" -> "leaf(18, 96, 174, 252)" [label=True]
	"leaf(71, 149, 227, 305)" [label="Leaf: Case72, Case150, Case228, Case306
Samples=4" color=lightgray shape=ellipse style=filled]
	"node(18, 71, 96, 149, 174, 227, 252, 305)" -> "leaf(71, 149, 227, 305)" [label=False]
	"node(20, 45, 73, 98, 123, 151, 176, 201, 229, 254, 279, 307)" [label="ext532
IG=36.5784
Samples=12
Depth=6" color=lightblue shape=box style="rounded,filled"]
	"node(18, 20, 43, 45, 71, 73, 96, 98, 121, 123, 149, 151, 174, 176, 199, 201, 227, 229, 252, 254, 277, 279, 305, 307)" -> "node(20, 45, 73, 98, 123, 151, 176, 201, 229, 254, 279, 307)" [label=False]
	"leaf(45, 123, 201, 279)" [label="Leaf: Case46, Case124, Case202, Case280
Samples=4" color=lightgray shape=ellipse style=filled]
	"node(20, 45, 73, 98, 123, 151, 176, 201, 229, 254, 279, 307)" -> "leaf(45, 123, 201, 279)" [label=True]
	"node(20, 73, 98, 151, 176, 229, 254, 307)" [label="ext355
IG=6.2206
Samples=8
Depth=7" color=lightblue shape=box style="rounded,filled"]
	"node(20, 45, 73, 98, 123, 151, 176, 201, 229, 254, 279, 307)" -> "node(20, 73, 98, 151, 176, 229, 254, 307)" [label=False]
	"leaf(20, 98, 176, 254)" [label="Leaf: Case21, Case99, Case177, Case255
Samples=4" color=lightgray shape=ellipse style=filled]
	"node(20, 73, 98, 151, 176, 229, 254, 307)" -> "leaf(20, 98, 176, 254)" [label=True]
	"leaf(73, 151, 229, 307)" [label="Leaf: Case74, Case152, Case230, Case308
Samples=4" color=lightgray shape=ellipse style=filled]
	"node(20, 73, 98, 151, 176, 229, 254, 307)" -> "leaf(73, 151, 229, 307)" [label=False]
	"node(19, 21, 44, 46, 72, 74, 97, 99, 122, 124, 150, 152, 175, 177, 200, 202, 228, 230, 253, 255, 278, 280, 306, 308)" [label="ext355
IG=8.2477
Samples=24
Depth=5" color=lightblue shape=box style="rounded,filled"]
	"node(18, 19, 20, 21, 43, 44, 45, 46, 71, 72, 73, 74, 96, 97, 98, 99, 121, 122, 123, 124, 149, 150, 151, 152, 174, 175, 176, 177, 199, 200, 201, 202, 227, 228, 229, 230, 252, 253, 254, 255, 277, 278, 279, 280, 305, 306, 307, 308)" -> "node(19, 21, 44, 46, 72, 74, 97, 99, 122, 124, 150, 152, 175, 177, 200, 202, 228, 230, 253, 255, 278, 280, 306, 308)" [label=False]
	"node(19, 21, 97, 99, 175, 177, 253, 255)" [label="pd355
IG=30.5868
Samples=8
Depth=6" color=lightblue shape=box style="rounded,filled"]
	"node(19, 21, 44, 46, 72, 74, 97, 99, 122, 124, 150, 152, 175, 177, 200, 202, 228, 230, 253, 255, 278, 280, 306, 308)" -> "node(19, 21, 97, 99, 175, 177, 253, 255)" [label=True]
	"leaf(19, 97, 175, 253)" [label="Leaf: Case20, Case98, Case176, Case254
Samples=4" color=lightgray shape=ellipse style=filled]
	"node(19, 21, 97, 99, 175, 177, 253, 255)" -> "leaf(19, 97, 175, 253)" [label=True]
	"leaf(21, 99, 177, 255)" [label="Leaf: Case22, Case100, Case178, Case256
Samples=4" color=lightgray shape=ellipse style=filled]
	"node(19, 21, 97, 99, 175, 177, 253, 255)" -> "leaf(21, 99, 177, 255)" [label=False]
	"node(44, 46, 72, 74, 122, 124, 150, 152, 200, 202, 228, 230, 278, 280, 306, 308)" [label="ext532
IG=28.4829
Samples=16
Depth=6" color=lightblue shape=box style="rounded,filled"]
	"node(19, 21, 44, 46, 72, 74, 97, 99, 122, 124, 150, 152, 175, 177, 200, 202, 228, 230, 253, 255, 278, 280, 306, 308)" -> "node(44, 46, 72, 74, 122, 124, 150, 152, 200, 202, 228, 230, 278, 280, 306, 308)" [label=False]
	"node(44, 46, 122, 124, 200, 202, 278, 280)" [label="pd355
IG=5.5598
Samples=8
Depth=7" color=lightblue shape=box style="rounded,filled"]
	"node(44, 46, 72, 74, 122, 124, 150, 152, 200, 202, 228, 230, 278, 280, 306, 308)" -> "node(44, 46, 122, 124, 200, 202, 278, 280)" [label=True]
	"leaf(44, 122, 200, 278)" [label="Leaf: Case45, Case123, Case201, Case279
Samples=4" color=lightgray shape=ellipse style=filled]
	"node(44, 46, 122, 124, 200, 202, 278, 280)" -> "leaf(44, 122, 200, 278)" [label=True]
	"leaf(46, 124, 202, 280)" [label="Leaf: Case47, Case125, Case203, Case281
Samples=4" color=lightgray shape=ellipse style=filled]
	"node(44, 46, 122, 124, 200, 202, 278, 280)" -> "leaf(46, 124, 202, 280)" [label=False]
	"node(72, 74, 150, 152, 228, 230, 306, 308)" [label="pd355
IG=68.5612
Samples=8
Depth=7" color=lightblue shape=box style="rounded,filled"]
	"node(44, 46, 72, 74, 122, 124, 150, 152, 200, 202, 228, 230, 278, 280, 306, 308)" -> "node(72, 74, 150, 152, 228, 230, 306, 308)" [label=False]
	"leaf(72, 150, 228, 306)" [label="Leaf: Case73, Case151, Case229, Case307
Samples=4" color=lightgray shape=ellipse style=filled]
	"node(72, 74, 150, 152, 228, 230, 306, 308)" -> "leaf(72, 150, 228, 306)" [label=True]
	"leaf(74, 152, 230, 308)" [label="Leaf: Case75, Case153, Case231, Case309
Samples=4" color=lightgray shape=ellipse style=filled]
	"node(72, 74, 150, 152, 228, 230, 306, 308)" -> "leaf(74, 152, 230, 308)" [label=False]
	"node(0, 1, 2, 3, 7, 8, 9, 10, 14, 15, 16, 17, 22, 23, 24, 25, 26, 27, 28, 32, 33, 34, 35, 39, 40, 41, 42, 47, 48, 49, 50, 51, 52, 53, 54, 59, 60, 61, 62, 67, 68, 69, 70, 75, 76, 77, 78, 79, 80, 81, 85, 86, 87, 88, 92, 93, 94, 95, 100, 101, 102, 103, 104, 105, 106, 110, 111, 112, 113, 117, 118, 119, 120, 125, 126, 127, 128, 129, 130, 131, 132, 137, 138, 139, 140, 145, 146, 147, 148, 153, 154, 155, 156, 157, 158, 159, 163, 164, 165, 166, 170, 171, 172, 173, 178, 179, 180, 181, 182, 183, 184, 188, 189, 190, 191, 195, 196, 197, 198, 203, 204, 205, 206, 207, 208, 209, 210, 215, 216, 217, 218, 223, 224, 225, 226, 231, 232, 233, 234, 235, 236, 237, 241, 242, 243, 244, 248, 249, 250, 251, 256, 257, 258, 259, 260, 261, 262, 266, 267, 268, 269, 273, 274, 275, 276, 281, 282, 283, 284, 285, 286, 287, 288, 293, 294, 295, 296, 301, 302, 303, 304, 309, 310, 311)" [label="pd532
IG=131.0037
Samples=184
Depth=2" color=lightblue shape=box style="rounded,filled"]
	"node(0, 1, 2, 3, 4, 5, 6, 7, 8, 9, 10, 11, 12, 13, 14, 15, 16, 17, 18, 19, 20, 21, 22, 23, 24, 25, 26, 27, 28, 29, 30, 31, 32, 33, 34, 35, 36, 37, 38, 39, 40, 41, 42, 43, 44, 45, 46, 47, 48, 49, 50, 51, 52, 53, 54, 55, 56, 57, 58, 59, 60, 61, 62, 63, 64, 65, 66, 67, 68, 69, 70, 71, 72, 73, 74, 75, 76, 77, 78, 79, 80, 81, 82, 83, 84, 85, 86, 87, 88, 89, 90, 91, 92, 93, 94, 95, 96, 97, 98, 99, 100, 101, 102, 103, 104, 105, 106, 107, 108, 109, 110, 111, 112, 113, 114, 115, 116, 117, 118, 119, 120, 121, 122, 123, 124, 125, 126, 127, 128, 129, 130, 131, 132, 133, 134, 135, 136, 137, 138, 139, 140, 141, 142, 143, 144, 145, 146, 147, 148, 149, 150, 151, 152, 153, 154, 155, 156, 157, 158, 159, 160, 161, 162, 163, 164, 165, 166, 167, 168, 169, 170, 171, 172, 173, 174, 175, 176, 177, 178, 179, 180, 181, 182, 183, 184, 185, 186, 187, 188, 189, 190, 191, 192, 193, 194, 195, 196, 197, 198, 199, 200, 201, 202, 203, 204, 205, 206, 207, 208, 209, 210, 211, 212, 213, 214, 215, 216, 217, 218, 219, 220, 221, 222, 223, 224, 225, 226, 227, 228, 229, 230, 231, 232, 233, 234, 235, 236, 237, 238, 239, 240, 241, 242, 243, 244, 245, 246, 247, 248, 249, 250, 251, 252, 253, 254, 255, 256, 257, 258, 259, 260, 261, 262, 263, 264, 265, 266, 267, 268, 269, 270, 271, 272, 273, 274, 275, 276, 277, 278, 279, 280, 281, 282, 283, 284, 285, 286, 287, 288, 289, 290, 291, 292, 293, 294, 295, 296, 297, 298, 299, 300, 301, 302, 303, 304, 305, 306, 307, 308, 309, 310, 311)" -> "node(0, 1, 2, 3, 7, 8, 9, 10, 14, 15, 16, 17, 22, 23, 24, 25, 26, 27, 28, 32, 33, 34, 35, 39, 40, 41, 42, 47, 48, 49, 50, 51, 52, 53, 54, 59, 60, 61, 62, 67, 68, 69, 70, 75, 76, 77, 78, 79, 80, 81, 85, 86, 87, 88, 92, 93, 94, 95, 100, 101, 102, 103, 104, 105, 106, 110, 111, 112, 113, 117, 118, 119, 120, 125, 126, 127, 128, 129, 130, 131, 132, 137, 138, 139, 140, 145, 146, 147, 148, 153, 154, 155, 156, 157, 158, 159, 163, 164, 165, 166, 170, 171, 172, 173, 178, 179, 180, 181, 182, 183, 184, 188, 189, 190, 191, 195, 196, 197, 198, 203, 204, 205, 206, 207, 208, 209, 210, 215, 216, 217, 218, 223, 224, 225, 226, 231, 232, 233, 234, 235, 236, 237, 241, 242, 243, 244, 248, 249, 250, 251, 256, 257, 258, 259, 260, 261, 262, 266, 267, 268, 269, 273, 274, 275, 276, 281, 282, 283, 284, 285, 286, 287, 288, 293, 294, 295, 296, 301, 302, 303, 304, 309, 310, 311)" [label=False]
	"node(2, 7, 9, 14, 16, 22, 24, 27, 32, 34, 39, 41, 47, 49, 51, 53, 59, 61, 67, 69, 75, 77, 80, 85, 87, 92, 94, 100, 102, 105, 110, 112, 117, 119, 125, 127, 129, 131, 137, 139, 145, 147, 153, 155, 158, 163, 165, 170, 172, 178, 180, 183, 188, 190, 195, 197, 203, 205, 207, 209, 215, 217, 223, 225, 231, 233, 236, 241, 243, 248, 250, 256, 258, 261, 266, 268, 273, 275, 281, 283, 285, 287, 293, 295, 301, 303, 309, 311)" [label="pd355
IG=150.3294
Samples=88
Depth=3" color=lightblue shape=box style="rounded,filled"]
	"node(0, 1, 2, 3, 7, 8, 9, 10, 14, 15, 16, 17, 22, 23, 24, 25, 26, 27, 28, 32, 33, 34, 35, 39, 40, 41, 42, 47, 48, 49, 50, 51, 52, 53, 54, 59, 60, 61, 62, 67, 68, 69, 70, 75, 76, 77, 78, 79, 80, 81, 85, 86, 87, 88, 92, 93, 94, 95, 100, 101, 102, 103, 104, 105, 106, 110, 111, 112, 113, 117, 118, 119, 120, 125, 126, 127, 128, 129, 130, 131, 132, 137, 138, 139, 140, 145, 146, 147, 148, 153, 154, 155, 156, 157, 158, 159, 163, 164, 165, 166, 170, 171, 172, 173, 178, 179, 180, 181, 182, 183, 184, 188, 189, 190, 191, 195, 196, 197, 198, 203, 204, 205, 206, 207, 208, 209, 210, 215, 216, 217, 218, 223, 224, 225, 226, 231, 232, 233, 234, 235, 236, 237, 241, 242, 243, 244, 248, 249, 250, 251, 256, 257, 258, 259, 260, 261, 262, 266, 267, 268, 269, 273, 274, 275, 276, 281, 282, 283, 284, 285, 286, 287, 288, 293, 294, 295, 296, 301, 302, 303, 304, 309, 310, 311)" -> "node(2, 7, 9, 14, 16, 22, 24, 27, 32, 34, 39, 41, 47, 49, 51, 53, 59, 61, 67, 69, 75, 77, 80, 85, 87, 92, 94, 100, 102, 105, 110, 112, 117, 119, 125, 127, 129, 131, 137, 139, 145, 147, 153, 155, 158, 163, 165, 170, 172, 178, 180, 183, 188, 190, 195, 197, 203, 205, 207, 209, 215, 217, 223, 225, 231, 233, 236, 241, 243, 248, 250, 256, 258, 261, 266, 268, 273, 275, 281, 283, 285, 287, 293, 295, 301, 303, 309, 311)" [label=True]
	"node(7, 14, 22, 32, 39, 47, 51, 59, 67, 75, 85, 92, 100, 110, 117, 125, 129, 137, 145, 153, 163, 170, 178, 188, 195, 203, 207, 215, 223, 231, 241, 248, 256, 266, 273, 281, 285, 293, 301, 309)" [label="ext355
IG=39.6719
Samples=40
Depth=4" color=lightblue shape=box style="rounded,filled"]
	"node(2, 7, 9, 14, 16, 22, 24, 27, 32, 34, 39, 41, 47, 49, 51, 53, 59, 61, 67, 69, 75, 77, 80, 85, 87, 92, 94, 100, 102, 105, 110, 112, 117, 119, 125, 127, 129, 131, 137, 139, 145, 147, 153, 155, 158, 163, 165, 170, 172, 178, 180, 183, 188, 190, 195, 197, 203, 205, 207, 209, 215, 217, 223, 225, 231, 233, 236, 241, 243, 248, 250, 256, 258, 261, 266, 268, 273, 275, 281, 283, 285, 287, 293, 295, 301, 303, 309, 311)" -> "node(7, 14, 22, 32, 39, 47, 51, 59, 67, 75, 85, 92, 100, 110, 117, 125, 129, 137, 145, 153, 163, 170, 178, 188, 195, 203, 207, 215, 223, 231, 241, 248, 256, 266, 273, 281, 285, 293, 301, 309)" [label=True]
	"node(7, 14, 22, 85, 92, 100, 163, 170, 178, 241, 248, 256)" [label="back355
IG=58.7023
Samples=12
Depth=5" color=lightblue shape=box style="rounded,filled"]
	"node(7, 14, 22, 32, 39, 47, 51, 59, 67, 75, 85, 92, 100, 110, 117, 125, 129, 137, 145, 153, 163, 170, 178, 188, 195, 203, 207, 215, 223, 231, 241, 248, 256, 266, 273, 281, 285, 293, 301, 309)" -> "node(7, 14, 22, 85, 92, 100, 163, 170, 178, 241, 248, 256)" [label=True]
	"leaf(7, 85, 163, 241)" [label="Leaf: Case08, Case86, Case164, Case242
Samples=4" color=lightgray shape=ellipse style=filled]
	"node(7, 14, 22, 85, 92, 100, 163, 170, 178, 241, 248, 256)" -> "leaf(7, 85, 163, 241)" [label=True]
	"node(14, 22, 92, 100, 170, 178, 248, 256)" [label="back532
IG=204.5599
Samples=8
Depth=6" color=lightblue shape=box style="rounded,filled"]
	"node(7, 14, 22, 85, 92, 100, 163, 170, 178, 241, 248, 256)" -> "node(14, 22, 92, 100, 170, 178, 248, 256)" [label=False]
	"leaf(14, 92, 170, 248)" [label="Leaf: Case15, Case93, Case171, Case249
Samples=4" color=lightgray shape=ellipse style=filled]
	"node(14, 22, 92, 100, 170, 178, 248, 256)" -> "leaf(14, 92, 170, 248)" [label=True]
	"leaf(22, 100, 178, 256)" [label="Leaf: Case23, Case101, Case179, Case257
Samples=4" color=lightgray shape=ellipse style=filled]
	"node(14, 22, 92, 100, 170, 178, 248, 256)" -> "leaf(22, 100, 178, 256)" [label=False]
	"node(32, 39, 47, 51, 59, 67, 75, 110, 117, 125, 129, 137, 145, 153, 188, 195, 203, 207, 215, 223, 231, 266, 273, 281, 285, 293, 301, 309)" [label="ext532
IG=11.7455
Samples=28
Depth=5" color=lightblue shape=box style="rounded,filled"]
	"node(7, 14, 22, 32, 39, 47, 51, 59, 67, 75, 85, 92, 100, 110, 117, 125, 129, 137, 145, 153, 163, 170, 178, 188, 195, 203, 207, 215, 223, 231, 241, 248, 256, 266, 273, 281, 285, 293, 301, 309)" -> "node(32, 39, 47, 51, 59, 67, 75, 110, 117, 125, 129, 137, 145, 153, 188, 195, 203, 207, 215, 223, 231, 266, 273, 281, 285, 293, 301, 309)" [label=False]
	"node(32, 39, 47, 110, 117, 125, 188, 195, 203, 266, 273, 281)" [label="back532
IG=6.3329
Samples=12
Depth=6" color=lightblue shape=box style="rounded,filled"]
	"node(32, 39, 47, 51, 59, 67, 75, 110, 117, 125, 129, 137, 145, 153, 188, 195, 203, 207, 215, 223, 231, 266, 273, 281, 285, 293, 301, 309)" -> "node(32, 39, 47, 110, 117, 125, 188, 195, 203, 266, 273, 281)" [label=True]
	"leaf(39, 117, 195, 273)" [label="Leaf: Case40, Case118, Case196, Case274
Samples=4" color=lightgray shape=ellipse style=filled]
	"node(32, 39, 47, 110, 117, 125, 188, 195, 203, 266, 273, 281)" -> "leaf(39, 117, 195, 273)" [label=True]
	"node(32, 47, 110, 125, 188, 203, 266, 281)" [label="back355
IG=5.1248
Samples=8
Depth=7" color=lightblue shape=box style="rounded,filled"]
	"node(32, 39, 47, 110, 117, 125, 188, 195, 203, 266, 273, 281)" -> "node(32, 47, 110, 125, 188, 203, 266, 281)" [label=False]
	"leaf(32, 110, 188, 266)" [label="Leaf: Case33, Case111, Case189, Case267
Samples=4" color=lightgray shape=ellipse style=filled]
	"node(32, 47, 110, 125, 188, 203, 266, 281)" -> "leaf(32, 110, 188, 266)" [label=True]
	"leaf(47, 125, 203, 281)" [label="Leaf: Case48, Case126, Case204, Case282
Samples=4" color=lightgray shape=ellipse style=filled]
	"node(32, 47, 110, 125, 188, 203, 266, 281)" -> "leaf(47, 125, 203, 281)" [label=False]
	"node(51, 59, 67, 75, 129, 137, 145, 153, 207, 215, 223, 231, 285, 293, 301, 309)" [label="back355
IG=2.6013
Samples=16
Depth=6" color=lightblue shape=box style="rounded,filled"]
	"node(32, 39, 47, 51, 59, 67, 75, 110, 117, 125, 129, 137, 145, 153, 188, 195, 203, 207, 215, 223, 231, 266, 273, 281, 285, 293, 301, 309)" -> "node(51, 59, 67, 75, 129, 137, 145, 153, 207, 215, 223, 231, 285, 293, 301, 309)" [label=False]
	"node(51, 59, 129, 137, 207, 215, 285, 293)" [label="back532
IG=3.8019
Samples=8
Depth=7" color=lightblue shape=box style="rounded,filled"]
	"node(51, 59, 67, 75, 129, 137, 145, 153, 207, 215, 223, 231, 285, 293, 301, 309)" -> "node(51, 59, 129, 137, 207, 215, 285, 293)" [label=True]
	"leaf(51, 129, 207, 285)" [label="Leaf: Case52, Case130, Case208, Case286
Samples=4" color=lightgray shape=ellipse style=filled]
	"node(51, 59, 129, 137, 207, 215, 285, 293)" -> "leaf(51, 129, 207, 285)" [label=True]
	"leaf(59, 137, 215, 293)" [label="Leaf: Case60, Case138, Case216, Case294
Samples=4" color=lightgray shape=ellipse style=filled]
	"node(51, 59, 129, 137, 207, 215, 285, 293)" -> "leaf(59, 137, 215, 293)" [label=False]
	"node(67, 75, 145, 153, 223, 231, 301, 309)" [label="back532
IG=0.4769
Samples=8
Depth=7" color=lightblue shape=box style="rounded,filled"]
	"node(51, 59, 67, 75, 129, 137, 145, 153, 207, 215, 223, 231, 285, 293, 301, 309)" -> "node(67, 75, 145, 153, 223, 231, 301, 309)" [label=False]
	"leaf(67, 145, 223, 301)" [label="Leaf: Case68, Case146, Case224, Case302
Samples=4" color=lightgray shape=ellipse style=filled]
	"node(67, 75, 145, 153, 223, 231, 301, 309)" -> "leaf(67, 145, 223, 301)" [label=True]
	"leaf(75, 153, 231, 309)" [label="Leaf: Case76, Case154, Case232, Case310
Samples=4" color=lightgray shape=ellipse style=filled]
	"node(67, 75, 145, 153, 223, 231, 301, 309)" -> "leaf(75, 153, 231, 309)" [label=False]
	"node(2, 9, 16, 24, 27, 34, 41, 49, 53, 61, 69, 77, 80, 87, 94, 102, 105, 112, 119, 127, 131, 139, 147, 155, 158, 165, 172, 180, 183, 190, 197, 205, 209, 217, 225, 233, 236, 243, 250, 258, 261, 268, 275, 283, 287, 295, 303, 311)" [label="back532
IG=269.1530
Samples=48
Depth=4" color=lightblue shape=box style="rounded,filled"]
	"node(2, 7, 9, 14, 16, 22, 24, 27, 32, 34, 39, 41, 47, 49, 51, 53, 59, 61, 67, 69, 75, 77, 80, 85, 87, 92, 94, 100, 102, 105, 110, 112, 117, 119, 125, 127, 129, 131, 137, 139, 145, 147, 153, 155, 158, 163, 165, 170, 172, 178, 180, 183, 188, 190, 195, 197, 203, 205, 207, 209, 215, 217, 223, 225, 231, 233, 236, 241, 243, 248, 250, 256, 258, 261, 266, 268, 273, 275, 281, 283, 285, 287, 293, 295, 301, 303, 309, 311)" -> "node(2, 9, 16, 24, 27, 34, 41, 49, 53, 61, 69, 77, 80, 87, 94, 102, 105, 112, 119, 127, 131, 139, 147, 155, 158, 165, 172, 180, 183, 190, 197, 205, 209, 217, 225, 233, 236, 243, 250, 258, 261, 268, 275, 283, 287, 295, 303, 311)" [label=False]
	"node(2, 16, 27, 41, 53, 69, 80, 94, 105, 119, 131, 147, 158, 172, 183, 197, 209, 225, 236, 250, 261, 275, 287, 303)" [label="ext532
IG=175.1409
Samples=24
Depth=5" color=lightblue shape=box style="rounded,filled"]
	"node(2, 9, 16, 24, 27, 34, 41, 49, 53, 61, 69, 77, 80, 87, 94, 102, 105, 112, 119, 127, 131, 139, 147, 155, 158, 165, 172, 180, 183, 190, 197, 205, 209, 217, 225, 233, 236, 243, 250, 258, 261, 268, 275, 283, 287, 295, 303, 311)" -> "node(2, 16, 27, 41, 53, 69, 80, 94, 105, 119, 131, 147, 158, 172, 183, 197, 209, 225, 236, 250, 261, 275, 287, 303)" [label=True]
	"node(27, 41, 105, 119, 183, 197, 261, 275)" [label="back355
IG=1.3728
Samples=8
Depth=6" color=lightblue shape=box style="rounded,filled"]
	"node(2, 16, 27, 41, 53, 69, 80, 94, 105, 119, 131, 147, 158, 172, 183, 197, 209, 225, 236, 250, 261, 275, 287, 303)" -> "node(27, 41, 105, 119, 183, 197, 261, 275)" [label=True]
	"leaf(27, 105, 183, 261)" [label="Leaf: Case28, Case106, Case184, Case262
Samples=4" color=lightgray shape=ellipse style=filled]
	"node(27, 41, 105, 119, 183, 197, 261, 275)" -> "leaf(27, 105, 183, 261)" [label=True]
	"leaf(41, 119, 197, 275)" [label="Leaf: Case42, Case120, Case198, Case276
Samples=4" color=lightgray shape=ellipse style=filled]
	"node(27, 41, 105, 119, 183, 197, 261, 275)" -> "leaf(41, 119, 197, 275)" [label=False]
	"node(2, 16, 53, 69, 80, 94, 131, 147, 158, 172, 209, 225, 236, 250, 287, 303)" [label="ext355
IG=530.1216
Samples=16
Depth=6" color=lightblue shape=box style="rounded,filled"]
	"node(2, 16, 27, 41, 53, 69, 80, 94, 105, 119, 131, 147, 158, 172, 183, 197, 209, 225, 236, 250, 261, 275, 287, 303)" -> "node(2, 16, 53, 69, 80, 94, 131, 147, 158, 172, 209, 225, 236, 250, 287, 303)" [label=False]
	"node(2, 16, 80, 94, 158, 172, 236, 250)" [label="back355
IG=191.1402
Samples=8
Depth=7" color=lightblue shape=box style="rounded,filled"]
	"node(2, 16, 53, 69, 80, 94, 131, 147, 158, 172, 209, 225, 236, 250, 287, 303)" -> "node(2, 16, 80, 94, 158, 172, 236, 250)" [label=True]
	"leaf(2, 80, 158, 236)" [label="Leaf: Case03, Case81, Case159, Case237
Samples=4" color=lightgray shape=ellipse style=filled]
	"node(2, 16, 80, 94, 158, 172, 236, 250)" -> "leaf(2, 80, 158, 236)" [label=True]
	"leaf(16, 94, 172, 250)" [label="Leaf: Case17, Case95, Case173, Case251
Samples=4" color=lightgray shape=ellipse style=filled]
	"node(2, 16, 80, 94, 158, 172, 236, 250)" -> "leaf(16, 94, 172, 250)" [label=False]
	"node(53, 69, 131, 147, 209, 225, 287, 303)" [label="back355
IG=127.7731
Samples=8
Depth=7" color=lightblue shape=box style="rounded,filled"]
	"node(2, 16, 53, 69, 80, 94, 131, 147, 158, 172, 209, 225, 236, 250, 287, 303)" -> "node(53, 69, 131, 147, 209, 225, 287, 303)" [label=False]
	"leaf(53, 131, 209, 287)" [label="Leaf: Case54, Case132, Case210, Case288
Samples=4" color=lightgray shape=ellipse style=filled]
	"node(53, 69, 131, 147, 209, 225, 287, 303)" -> "leaf(53, 131, 209, 287)" [label=True]
	"leaf(69, 147, 225, 303)" [label="Leaf: Case70, Case148, Case226, Case304
Samples=4" color=lightgray shape=ellipse style=filled]
	"node(53, 69, 131, 147, 209, 225, 287, 303)" -> "leaf(69, 147, 225, 303)" [label=False]
	"node(9, 24, 34, 49, 61, 77, 87, 102, 112, 127, 139, 155, 165, 180, 190, 205, 217, 233, 243, 258, 268, 283, 295, 311)" [label="back355
IG=444.1155
Samples=24
Depth=5" color=lightblue shape=box style="rounded,filled"]
	"node(2, 9, 16, 24, 27, 34, 41, 49, 53, 61, 69, 77, 80, 87, 94, 102, 105, 112, 119, 127, 131, 139, 147, 155, 158, 165, 172, 180, 183, 190, 197, 205, 209, 217, 225, 233, 236, 243, 250, 258, 261, 268, 275, 283, 287, 295, 303, 311)" -> "node(9, 24, 34, 49, 61, 77, 87, 102, 112, 127, 139, 155, 165, 180, 190, 205, 217, 233, 243, 258, 268, 283, 295, 311)" [label=False]
	"node(9, 34, 61, 87, 112, 139, 165, 190, 217, 243, 268, 295)" [label="ext532
IG=68.0545
Samples=12
Depth=6" color=lightblue shape=box style="rounded,filled"]
	"node(9, 24, 34, 49, 61, 77, 87, 102, 112, 127, 139, 155, 165, 180, 190, 205, 217, 233, 243, 258, 268, 283, 295, 311)" -> "node(9, 34, 61, 87, 112, 139, 165, 190, 217, 243, 268, 295)" [label=True]
	"leaf(34, 112, 190, 268)" [label="Leaf: Case35, Case113, Case191, Case269
Samples=4" color=lightgray shape=ellipse style=filled]
	"node(9, 34, 61, 87, 112, 139, 165, 190, 217, 243, 268, 295)" -> "leaf(34, 112, 190, 268)" [label=True]
	"node(9, 61, 87, 139, 165, 217, 243, 295)" [label="ext355
IG=144.4869
Samples=8
Depth=7" color=lightblue shape=box style="rounded,filled"]
	"node(9, 34, 61, 87, 112, 139, 165, 190, 217, 243, 268, 295)" -> "node(9, 61, 87, 139, 165, 217, 243, 295)" [label=False]
	"leaf(9, 87, 165, 243)" [label="Leaf: Case10, Case88, Case166, Case244
Samples=4" color=lightgray shape=ellipse style=filled]
	"node(9, 61, 87, 139, 165, 217, 243, 295)" -> "leaf(9, 87, 165, 243)" [label=True]
	"leaf(61, 139, 217, 295)" [label="Leaf: Case62, Case140, Case218, Case296
Samples=4" color=lightgray shape=ellipse style=filled]
	"node(9, 61, 87, 139, 165, 217, 243, 295)" -> "leaf(61, 139, 217, 295)" [label=False]
	"node(24, 49, 77, 102, 127, 155, 180, 205, 233, 258, 283, 311)" [label="ext532
IG=61.8324
Samples=12
Depth=6" color=lightblue shape=box style="rounded,filled"]
	"node(9, 24, 34, 49, 61, 77, 87, 102, 112, 127, 139, 155, 165, 180, 190, 205, 217, 233, 243, 258, 268, 283, 295, 311)" -> "node(24, 49, 77, 102, 127, 155, 180, 205, 233, 258, 283, 311)" [label=False]
	"leaf(49, 127, 205, 283)" [label="Leaf: Case50, Case128, Case206, Case284
Samples=4" color=lightgray shape=ellipse style=filled]
	"node(24, 49, 77, 102, 127, 155, 180, 205, 233, 258, 283, 311)" -> "leaf(49, 127, 205, 283)" [label=True]
	"node(24, 77, 102, 155, 180, 233, 258, 311)" [label="ext355
IG=1.3008
Samples=8
Depth=7" color=lightblue shape=box style="rounded,filled"]
	"node(24, 49, 77, 102, 127, 155, 180, 205, 233, 258, 283, 311)" -> "node(24, 77, 102, 155, 180, 233, 258, 311)" [label=False]
	"leaf(24, 102, 180, 258)" [label="Leaf: Case25, Case103, Case181, Case259
Samples=4" color=lightgray shape=ellipse style=filled]
	"node(24, 77, 102, 155, 180, 233, 258, 311)" -> "leaf(24, 102, 180, 258)" [label=True]
	"leaf(77, 155, 233, 311)" [label="Leaf: Case78, Case156, Case234, Case312
Samples=4" color=lightgray shape=ellipse style=filled]
	"node(24, 77, 102, 155, 180, 233, 258, 311)" -> "leaf(77, 155, 233, 311)" [label=False]
	"node(0, 1, 3, 8, 10, 15, 17, 23, 25, 26, 28, 33, 35, 40, 42, 48, 50, 52, 54, 60, 62, 68, 70, 76, 78, 79, 81, 86, 88, 93, 95, 101, 103, 104, 106, 111, 113, 118, 120, 126, 128, 130, 132, 138, 140, 146, 148, 154, 156, 157, 159, 164, 166, 171, 173, 179, 181, 182, 184, 189, 191, 196, 198, 204, 206, 208, 210, 216, 218, 224, 226, 232, 234, 235, 237, 242, 244, 249, 251, 257, 259, 260, 262, 267, 269, 274, 276, 282, 284, 286, 288, 294, 296, 302, 304, 310)" [label="back355
IG=171.3075
Samples=96
Depth=3" color=lightblue shape=box style="rounded,filled"]
	"node(0, 1, 2, 3, 7, 8, 9, 10, 14, 15, 16, 17, 22, 23, 24, 25, 26, 27, 28, 32, 33, 34, 35, 39, 40, 41, 42, 47, 48, 49, 50, 51, 52, 53, 54, 59, 60, 61, 62, 67, 68, 69, 70, 75, 76, 77, 78, 79, 80, 81, 85, 86, 87, 88, 92, 93, 94, 95, 100, 101, 102, 103, 104, 105, 106, 110, 111, 112, 113, 117, 118, 119, 120, 125, 126, 127, 128, 129, 130, 131, 132, 137, 138, 139, 140, 145, 146, 147, 148, 153, 154, 155, 156, 157, 158, 159, 163, 164, 165, 166, 170, 171, 172, 173, 178, 179, 180, 181, 182, 183, 184, 188, 189, 190, 191, 195, 196, 197, 198, 203, 204, 205, 206, 207, 208, 209, 210, 215, 216, 217, 218, 223, 224, 225, 226, 231, 232, 233, 234, 235, 236, 237, 241, 242, 243, 244, 248, 249, 250, 251, 256, 257, 258, 259, 260, 261, 262, 266, 267, 268, 269, 273, 274, 275, 276, 281, 282, 283, 284, 285, 286, 287, 288, 293, 294, 295, 296, 301, 302, 303, 304, 309, 310, 311)" -> "node(0, 1, 3, 8, 10, 15, 17, 23, 25, 26, 28, 33, 35, 40, 42, 48, 50, 52, 54, 60, 62, 68, 70, 76, 78, 79, 81, 86, 88, 93, 95, 101, 103, 104, 106, 111, 113, 118, 120, 126, 128, 130, 132, 138, 140, 146, 148, 154, 156, 157, 159, 164, 166, 171, 173, 179, 181, 182, 184, 189, 191, 196, 198, 204, 206, 208, 210, 216, 218, 224, 226, 232, 234, 235, 237, 242, 244, 249, 251, 257, 259, 260, 262, 267, 269, 274, 276, 282, 284, 286, 288, 294, 296, 302, 304, 310)" [label=False]
	"node(1, 3, 8, 10, 26, 28, 33, 35, 52, 54, 60, 62, 79, 81, 86, 88, 104, 106, 111, 113, 130, 132, 138, 140, 157, 159, 164, 166, 182, 184, 189, 191, 208, 210, 216, 218, 235, 237, 242, 244, 260, 262, 267, 269, 286, 288, 294, 296)" [label="back532
IG=181.9885
Samples=48
Depth=4" color=lightblue shape=box style="rounded,filled"]
	"node(0, 1, 3, 8, 10, 15, 17, 23, 25, 26, 28, 33, 35, 40, 42, 48, 50, 52, 54, 60, 62, 68, 70, 76, 78, 79, 81, 86, 88, 93, 95, 101, 103, 104, 106, 111, 113, 118, 120, 126, 128, 130, 132, 138, 140, 146, 148, 154, 156, 157, 159, 164, 166, 171, 173, 179, 181, 182, 184, 189, 191, 196, 198, 204, 206, 208, 210, 216, 218, 224, 226, 232, 234, 235, 237, 242, 244, 249, 251, 257, 259, 260, 262, 267, 269, 274, 276, 282, 284, 286, 288, 294, 296, 302, 304, 310)" -> "node(1, 3, 8, 10, 26, 28, 33, 35, 52, 54, 60, 62, 79, 81, 86, 88, 104, 106, 111, 113, 130, 132, 138, 140, 157, 159, 164, 166, 182, 184, 189, 191, 208, 210, 216, 218, 235, 237, 242, 244, 260, 262, 267, 269, 286, 288, 294, 296)" [label=True]
	"node(1, 3, 26, 28, 52, 54, 79, 81, 104, 106, 130, 132, 157, 159, 182, 184, 208, 210, 235, 237, 260, 262, 286, 288)" [label="pd355
IG=338.7761
Samples=24
Depth=5" color=lightblue shape=box style="rounded,filled"]
	"node(1, 3, 8, 10, 26, 28, 33, 35, 52, 54, 60, 62, 79, 81, 86, 88, 104, 106, 111, 113, 130, 132, 138, 140, 157, 159, 164, 166, 182, 184, 189, 191, 208, 210, 216, 218, 235, 237, 242, 244, 260, 262, 267, 269, 286, 288, 294, 296)" -> "node(1, 3, 26, 28, 52, 54, 79, 81, 104, 106, 130, 132, 157, 159, 182, 184, 208, 210, 235, 237, 260, 262, 286, 288)" [label=True]
	"node(1, 26, 52, 79, 104, 130, 157, 182, 208, 235, 260, 286)" [label="ext532
IG=425.0347
Samples=12
Depth=6" color=lightblue shape=box style="rounded,filled"]
	"node(1, 3, 26, 28, 52, 54, 79, 81, 104, 106, 130, 132, 157, 159, 182, 184, 208, 210, 235, 237, 260, 262, 286, 288)" -> "node(1, 26, 52, 79, 104, 130, 157, 182, 208, 235, 260, 286)" [label=True]
	"leaf(26, 104, 182, 260)" [label="Leaf: Case27, Case105, Case183, Case261
Samples=4" color=lightgray shape=ellipse style=filled]
	"node(1, 26, 52, 79, 104, 130, 157, 182, 208, 235, 260, 286)" -> "leaf(26, 104, 182, 260)" [label=True]
	"node(1, 52, 79, 130, 157, 208, 235, 286)" [label="ext355
IG=58.9228
Samples=8
Depth=7" color=lightblue shape=box style="rounded,filled"]
	"node(1, 26, 52, 79, 104, 130, 157, 182, 208, 235, 260, 286)" -> "node(1, 52, 79, 130, 157, 208, 235, 286)" [label=False]
	"leaf(1, 79, 157, 235)" [label="Leaf: Case02, Case80, Case158, Case236
Samples=4" color=lightgray shape=ellipse style=filled]
	"node(1, 52, 79, 130, 157, 208, 235, 286)" -> "leaf(1, 79, 157, 235)" [label=True]
	"leaf(52, 130, 208, 286)" [label="Leaf: Case53, Case131, Case209, Case287
Samples=4" color=lightgray shape=ellipse style=filled]
	"node(1, 52, 79, 130, 157, 208, 235, 286)" -> "leaf(52, 130, 208, 286)" [label=False]
	"node(3, 28, 54, 81, 106, 132, 159, 184, 210, 237, 262, 288)" [label="ext532
IG=350.1296
Samples=12
Depth=6" color=lightblue shape=box style="rounded,filled"]
	"node(1, 3, 26, 28, 52, 54, 79, 81, 104, 106, 130, 132, 157, 159, 182, 184, 208, 210, 235, 237, 260, 262, 286, 288)" -> "node(3, 28, 54, 81, 106, 132, 159, 184, 210, 237, 262, 288)" [label=False]
	"leaf(28, 106, 184, 262)" [label="Leaf: Case29, Case107, Case185, Case263
Samples=4" color=lightgray shape=ellipse style=filled]
	"node(3, 28, 54, 81, 106, 132, 159, 184, 210, 237, 262, 288)" -> "leaf(28, 106, 184, 262)" [label=True]
	"node(3, 54, 81, 132, 159, 210, 237, 288)" [label="ext355
IG=11.3412
Samples=8
Depth=7" color=lightblue shape=box style="rounded,filled"]
	"node(3, 28, 54, 81, 106, 132, 159, 184, 210, 237, 262, 288)" -> "node(3, 54, 81, 132, 159, 210, 237, 288)" [label=False]
	"leaf(3, 81, 159, 237)" [label="Leaf: Case04, Case82, Case160, Case238
Samples=4" color=lightgray shape=ellipse style=filled]
	"node(3, 54, 81, 132, 159, 210, 237, 288)" -> "leaf(3, 81, 159, 237)" [label=True]
	"leaf(54, 132, 210, 288)" [label="Leaf: Case55, Case133, Case211, Case289
Samples=4" color=lightgray shape=ellipse style=filled]
	"node(3, 54, 81, 132, 159, 210, 237, 288)" -> "leaf(54, 132, 210, 288)" [label=False]
	"node(8, 10, 33, 35, 60, 62, 86, 88, 111, 113, 138, 140, 164, 166, 189, 191, 216, 218, 242, 244, 267, 269, 294, 296)" [label="pd355
IG=30.7559
Samples=24
Depth=5" color=lightblue shape=box style="rounded,filled"]
	"node(1, 3, 8, 10, 26, 28, 33, 35, 52, 54, 60, 62, 79, 81, 86, 88, 104, 106, 111, 113, 130, 132, 138, 140, 157, 159, 164, 166, 182, 184, 189, 191, 208, 210, 216, 218, 235, 237, 242, 244, 260, 262, 267, 269, 286, 288, 294, 296)" -> "node(8, 10, 33, 35, 60, 62, 86, 88, 111, 113, 138, 140, 164, 166, 189, 191, 216, 218, 242, 244, 267, 269, 294, 296)" [label=False]
	"node(8, 33, 60, 86, 111, 138, 164, 189, 216, 242, 267, 294)" [label="ext355
IG=1.8746
Samples=12
Depth=6" color=lightblue shape=box style="rounded,filled"]
	"node(8, 10, 33, 35, 60, 62, 86, 88, 111, 113, 138, 140, 164, 166, 189, 191, 216, 218, 242, 244, 267, 269, 294, 296)" -> "node(8, 33, 60, 86, 111, 138, 164, 189, 216, 242, 267, 294)" [label=True]
	"leaf(8, 86, 164, 242)" [label="Leaf: Case09, Case87, Case165, Case243
Samples=4" color=lightgray shape=ellipse style=filled]
	"node(8, 33, 60, 86, 111, 138, 164, 189, 216, 242, 267, 294)" -> "leaf(8, 86, 164, 242)" [label=True]
	"node(33, 60, 111, 138, 189, 216, 267, 294)" [label="ext532
IG=0.0830
Samples=8
Depth=7" color=lightblue shape=box style="rounded,filled"]
	"node(8, 33, 60, 86, 111, 138, 164, 189, 216, 242, 267, 294)" -> "node(33, 60, 111, 138, 189, 216, 267, 294)" [label=False]
	"leaf(33, 111, 189, 267)" [label="Leaf: Case34, Case112, Case190, Case268
Samples=4" color=lightgray shape=ellipse style=filled]
	"node(33, 60, 111, 138, 189, 216, 267, 294)" -> "leaf(33, 111, 189, 267)" [label=True]
	"leaf(60, 138, 216, 294)" [label="Leaf: Case61, Case139, Case217, Case295
Samples=4" color=lightgray shape=ellipse style=filled]
	"node(33, 60, 111, 138, 189, 216, 267, 294)" -> "leaf(60, 138, 216, 294)" [label=False]
	"node(10, 35, 62, 88, 113, 140, 166, 191, 218, 244, 269, 296)" [label="ext355
IG=26.3165
Samples=12
Depth=6" color=lightblue shape=box style="rounded,filled"]
	"node(8, 10, 33, 35, 60, 62, 86, 88, 111, 113, 138, 140, 164, 166, 189, 191, 216, 218, 242, 244, 267, 269, 294, 296)" -> "node(10, 35, 62, 88, 113, 140, 166, 191, 218, 244, 269, 296)" [label=False]
	"leaf(10, 88, 166, 244)" [label="Leaf: Case11, Case89, Case167, Case245
Samples=4" color=lightgray shape=ellipse style=filled]
	"node(10, 35, 62, 88, 113, 140, 166, 191, 218, 244, 269, 296)" -> "leaf(10, 88, 166, 244)" [label=True]
	"node(35, 62, 113, 140, 191, 218, 269, 296)" [label="ext532
IG=84.2419
Samples=8
Depth=7" color=lightblue shape=box style="rounded,filled"]
	"node(10, 35, 62, 88, 113, 140, 166, 191, 218, 244, 269, 296)" -> "node(35, 62, 113, 140, 191, 218, 269, 296)" [label=False]
	"leaf(35, 113, 191, 269)" [label="Leaf: Case36, Case114, Case192, Case270
Samples=4" color=lightgray shape=ellipse style=filled]
	"node(35, 62, 113, 140, 191, 218, 269, 296)" -> "leaf(35, 113, 191, 269)" [label=True]
	"leaf(62, 140, 218, 296)" [label="Leaf: Case63, Case141, Case219, Case297
Samples=4" color=lightgray shape=ellipse style=filled]
	"node(35, 62, 113, 140, 191, 218, 269, 296)" -> "leaf(62, 140, 218, 296)" [label=False]
	"node(0, 15, 17, 23, 25, 40, 42, 48, 50, 68, 70, 76, 78, 93, 95, 101, 103, 118, 120, 126, 128, 146, 148, 154, 156, 171, 173, 179, 181, 196, 198, 204, 206, 224, 226, 232, 234, 249, 251, 257, 259, 274, 276, 282, 284, 302, 304, 310)" [label="pd355
IG=65.1823
Samples=48
Depth=4" color=lightblue shape=box style="rounded,filled"]
	"node(0, 1, 3, 8, 10, 15, 17, 23, 25, 26, 28, 33, 35, 40, 42, 48, 50, 52, 54, 60, 62, 68, 70, 76, 78, 79, 81, 86, 88, 93, 95, 101, 103, 104, 106, 111, 113, 118, 120, 126, 128, 130, 132, 138, 140, 146, 148, 154, 156, 157, 159, 164, 166, 171, 173, 179, 181, 182, 184, 189, 191, 196, 198, 204, 206, 208, 210, 216, 218, 224, 226, 232, 234, 235, 237, 242, 244, 249, 251, 257, 259, 260, 262, 267, 269, 274, 276, 282, 284, 286, 288, 294, 296, 302, 304, 310)" -> "node(0, 15, 17, 23, 25, 40, 42, 48, 50, 68, 70, 76, 78, 93, 95, 101, 103, 118, 120, 126, 128, 146, 148, 154, 156, 171, 173, 179, 181, 196, 198, 204, 206, 224, 226, 232, 234, 249, 251, 257, 259, 274, 276, 282, 284, 302, 304, 310)" [label=False]
	"node(15, 23, 40, 48, 68, 76, 93, 101, 118, 126, 146, 154, 171, 179, 196, 204, 224, 232, 249, 257, 274, 282, 302, 310)" [label="ext532
IG=11.3093
Samples=24
Depth=5" color=lightblue shape=box style="rounded,filled"]
	"node(0, 15, 17, 23, 25, 40, 42, 48, 50, 68, 70, 76, 78, 93, 95, 101, 103, 118, 120, 126, 128, 146, 148, 154, 156, 171, 173, 179, 181, 196, 198, 204, 206, 224, 226, 232, 234, 249, 251, 257, 259, 274, 276, 282, 284, 302, 304, 310)" -> "node(15, 23, 40, 48, 68, 76, 93, 101, 118, 126, 146, 154, 171, 179, 196, 204, 224, 232, 249, 257, 274, 282, 302, 310)" [label=True]
	"node(40, 48, 118, 126, 196, 204, 274, 282)" [label="back532
IG=59.9843
Samples=8
Depth=6" color=lightblue shape=box style="rounded,filled"]
	"node(15, 23, 40, 48, 68, 76, 93, 101, 118, 126, 146, 154, 171, 179, 196, 204, 224, 232, 249, 257, 274, 282, 302, 310)" -> "node(40, 48, 118, 126, 196, 204, 274, 282)" [label=True]
	"leaf(40, 118, 196, 274)" [label="Leaf: Case41, Case119, Case197, Case275
Samples=4" color=lightgray shape=ellipse style=filled]
	"node(40, 48, 118, 126, 196, 204, 274, 282)" -> "leaf(40, 118, 196, 274)" [label=True]
	"leaf(48, 126, 204, 282)" [label="Leaf: Case49, Case127, Case205, Case283
Samples=4" color=lightgray shape=ellipse style=filled]
	"node(40, 48, 118, 126, 196, 204, 274, 282)" -> "leaf(48, 126, 204, 282)" [label=False]
	"node(15, 23, 68, 76, 93, 101, 146, 154, 171, 179, 224, 232, 249, 257, 302, 310)" [label="back532
IG=3.1092
Samples=16
Depth=6" color=lightblue shape=box style="rounded,filled"]
	"node(15, 23, 40, 48, 68, 76, 93, 101, 118, 126, 146, 154, 171, 179, 196, 204, 224, 232, 249, 257, 274, 282, 302, 310)" -> "node(15, 23, 68, 76, 93, 101, 146, 154, 171, 179, 224, 232, 249, 257, 302, 310)" [label=False]
	"node(15, 68, 93, 146, 171, 224, 249, 302)" [label="ext355
IG=1.0852
Samples=8
Depth=7" color=lightblue shape=box style="rounded,filled"]
	"node(15, 23, 68, 76, 93, 101, 146, 154, 171, 179, 224, 232, 249, 257, 302, 310)" -> "node(15, 68, 93, 146, 171, 224, 249, 302)" [label=True]
	"leaf(15, 93, 171, 249)" [label="Leaf: Case16, Case94, Case172, Case250
Samples=4" color=lightgray shape=ellipse style=filled]
	"node(15, 68, 93, 146, 171, 224, 249, 302)" -> "leaf(15, 93, 171, 249)" [label=True]
	"leaf(68, 146, 224, 302)" [label="Leaf: Case69, Case147, Case225, Case303
Samples=4" color=lightgray shape=ellipse style=filled]
	"node(15, 68, 93, 146, 171, 224, 249, 302)" -> "leaf(68, 146, 224, 302)" [label=False]
	"node(23, 76, 101, 154, 179, 232, 257, 310)" [label="ext355
IG=5.1900
Samples=8
Depth=7" color=lightblue shape=box style="rounded,filled"]
	"node(15, 23, 68, 76, 93, 101, 146, 154, 171, 179, 224, 232, 249, 257, 302, 310)" -> "node(23, 76, 101, 154, 179, 232, 257, 310)" [label=False]
	"leaf(23, 101, 179, 257)" [label="Leaf: Case24, Case102, Case180, Case258
Samples=4" color=lightgray shape=ellipse style=filled]
	"node(23, 76, 101, 154, 179, 232, 257, 310)" -> "leaf(23, 101, 179, 257)" [label=True]
	"leaf(76, 154, 232, 310)" [label="Leaf: Case77, Case155, Case233, Case311
Samples=4" color=lightgray shape=ellipse style=filled]
	"node(23, 76, 101, 154, 179, 232, 257, 310)" -> "leaf(76, 154, 232, 310)" [label=False]
	"node(0, 17, 25, 42, 50, 70, 78, 95, 103, 120, 128, 148, 156, 173, 181, 198, 206, 226, 234, 251, 259, 276, 284, 304)" [label="back532
IG=183.4653
Samples=24
Depth=5" color=lightblue shape=box style="rounded,filled"]
	"node(0, 15, 17, 23, 25, 40, 42, 48, 50, 68, 70, 76, 78, 93, 95, 101, 103, 118, 120, 126, 128, 146, 148, 154, 156, 171, 173, 179, 181, 196, 198, 204, 206, 224, 226, 232, 234, 249, 251, 257, 259, 274, 276, 282, 284, 302, 304, 310)" -> "node(0, 17, 25, 42, 50, 70, 78, 95, 103, 120, 128, 148, 156, 173, 181, 198, 206, 226, 234, 251, 259, 276, 284, 304)" [label=False]
	"node(17, 42, 70, 95, 120, 148, 173, 198, 226, 251, 276, 304)" [label="ext355
IG=2.9303
Samples=12
Depth=6" color=lightblue shape=box style="rounded,filled"]
	"node(0, 17, 25, 42, 50, 70, 78, 95, 103, 120, 128, 148, 156, 173, 181, 198, 206, 226, 234, 251, 259, 276, 284, 304)" -> "node(17, 42, 70, 95, 120, 148, 173, 198, 226, 251, 276, 304)" [label=True]
	"leaf(17, 95, 173, 251)" [label="Leaf: Case18, Case96, Case174, Case252
Samples=4" color=lightgray shape=ellipse style=filled]
	"node(17, 42, 70, 95, 120, 148, 173, 198, 226, 251, 276, 304)" -> "leaf(17, 95, 173, 251)" [label=True]
	"node(42, 70, 120, 148, 198, 226, 276, 304)" [label="ext532
IG=2.7261
Samples=8
Depth=7" color=lightblue shape=box style="rounded,filled"]
	"node(17, 42, 70, 95, 120, 148, 173, 198, 226, 251, 276, 304)" -> "node(42, 70, 120, 148, 198, 226, 276, 304)" [label=False]
	"leaf(42, 120, 198, 276)" [label="Leaf: Case43, Case121, Case199, Case277
Samples=4" color=lightgray shape=ellipse style=filled]
	"node(42, 70, 120, 148, 198, 226, 276, 304)" -> "leaf(42, 120, 198, 276)" [label=True]
	"leaf(70, 148, 226, 304)" [label="Leaf: Case71, Case149, Case227, Case305
Samples=4" color=lightgray shape=ellipse style=filled]
	"node(42, 70, 120, 148, 198, 226, 276, 304)" -> "leaf(70, 148, 226, 304)" [label=False]
	"node(0, 25, 50, 78, 103, 128, 156, 181, 206, 234, 259, 284)" [label="ext532
IG=106.1295
Samples=12
Depth=6" color=lightblue shape=box style="rounded,filled"]
	"node(0, 17, 25, 42, 50, 70, 78, 95, 103, 120, 128, 148, 156, 173, 181, 198, 206, 226, 234, 251, 259, 276, 284, 304)" -> "node(0, 25, 50, 78, 103, 128, 156, 181, 206, 234, 259, 284)" [label=False]
	"leaf(50, 128, 206, 284)" [label="Leaf: Case51, Case129, Case207, Case285
Samples=4" color=lightgray shape=ellipse style=filled]
	"node(0, 25, 50, 78, 103, 128, 156, 181, 206, 234, 259, 284)" -> "leaf(50, 128, 206, 284)" [label=True]
	"node(0, 25, 78, 103, 156, 181, 234, 259)" [label="ext355
IG=68.4342
Samples=8
Depth=7" color=lightblue shape=box style="rounded,filled"]
	"node(0, 25, 50, 78, 103, 128, 156, 181, 206, 234, 259, 284)" -> "node(0, 25, 78, 103, 156, 181, 234, 259)" [label=False]
	"leaf(25, 103, 181, 259)" [label="Leaf: Case26, Case104, Case182, Case260
Samples=4" color=lightgray shape=ellipse style=filled]
	"node(0, 25, 78, 103, 156, 181, 234, 259)" -> "leaf(25, 103, 181, 259)" [label=True]
	"leaf(0, 78, 156, 234)" [label="Leaf: Case01, Case79, Case157, Case235
Samples=4" color=lightgray shape=ellipse style=filled]
	"node(0, 25, 78, 103, 156, 181, 234, 259)" -> "leaf(0, 78, 156, 234)" [label=False]
}
